Machine: lehoan,
Model: model_chopp06combine,
ndof: 2920,
hTmax: 0.0235702260,
Regular mesh: 0,
Use small-cut: 0,

Use FMM: 0,
__al_FMM: 0.100000,
__numUseFMM: 0,

useSUPG: 1,
__delEps: 0.001000,
__delSD: 0.500000,

use Ghost penalty: 0,
__gam1: 0.000001,
__gam2: 0.000001,

